h = firrcos(30,0.5,0.5,4,'rolloff','sqrt');



Auf 6 Nachkommastellen gerundet:


[0.0, 0.006529, 0.0, -0.008904, 0.0, 0.012861, 0.0, -0.020210, 0.0, 0.036378, 0.0, -0.084883, 0.0, 0.424413, 1.0, 1.273240, 1.0, 0.424413, 0.0, -0.084883, 0.0, 0.036378, 0.0, -0.020210, 0.0, 0.012861, 0.0, -0.008904, 0.0, 0.006529, 0.0]



Ohne äußere Nullen:

[0.006529, 0.0, -0.008904, 0.0, 0.012861, 0.0, -0.020210, 0.0, 0.036378, 0.0, -0.084883, 0.0, 0.424413, 1.0, 1.273240, 1.0, 0.424413, 0.0, -0.084883, 0.0, 0.036378, 0.0, -0.020210, 0.0, 0.012861, 0.0, -0.008904, 0.0, 0.006529]
